$$      Xs          Ys           Zs              phi(실똑)         omiga(실똑)    kapa(실똑)
left:  2240.000000 2002.000000 8000.000000   0.582000   1.210000   0.132000

right: 2740.000000 2002.000000 8000.000000  -0.083000  -0.311000   1.299000
